0 0 1 0

0,3909 0,444 0 0 0,1 0,7999 0 0 0,0001 0
0,3909 0,444 0 0 0,1 0,7999 0 0 0,0001 0
0,3909 0,444 0 0 0,1 0,7999 0 0 0,0001 0
0,3909 0,444 5 6 0,1 0,7999 0 0 0,0001 0
0,3909 0,444 6 6 0,1 0,7999 0 0 0,0001 0
0,391 0,4439 6 7 0,1 0,7999 0 0 0,0001 0
0,391 0,4438 5 6 0,1 0,7999 0 0 0,0001 0
0,3912 0,4436 5 6 0,1 0,7999 0 0 0,0004 0
0,3915 0,4433 5 6 0,1 0,7999 0 0 0,0008 0
0,3918 0,4429 6 6 0,1 0,7999 0 0 0,0011 0
0,3923 0,4425 6 6 0,1 0,7999 0 0 0,0018 0
0,3927 0,4419 5 6 0,1 0,7999 0 0 0,0025 0
0,3933 0,4413 6 6 0,1 0,7999 0 0 0,0029 0
0,3938 0,4406 6 5 0,1 0,7999 0 0 0,0038 0
0,3945 0,4399 5 4 0,1 0,7999 0 0 0,0048 0
0,3952 0,4391 4 4 0,1 0,7999 0 0 0,0054 0
0,3961 0,4383 6 4 0,1 0,7999 0 0 0,0066 0
0,397 0,4374 4 3 0,1 0,7999 0 0 0,0079 0
0,3979 0,4365 5 3 0,1 0,7999 0 0 0,0086 0
0,3988 0,4355 5 3 0,1 0,7999 0 0 0,0099 0
0,3998 0,4345 3 2 0,1 0,7999 0 0 0,0113 0
0,4009 0,4335 3 2 0,1 0,7999 0 0 0,0121 0
0,402 0,4325 4 3 0,1 0,7999 0 0 0,0136 0
0,4031 0,4314 3 2 0,1 0,7999 0 0 0,0151 0
0,4043 0,4303 3 2 0,1 0,7999 0 0 0,0161 0
0,4054 0,4292 3 2 0,1 0,7999 0 0 0,0176 0
0,4067 0,4281 2 1 0,1 0,7999 0 0 0,0193 0
0,4079 0,427 2 1 0,1 0,7999 0 0 0,0201 0
0,4091 0,4259 3 2 0,1 0,7999 0 0 0,0217 0
0,4104 0,4248 1 1 0,1 0,7999 0 0 0,0234 0
0,4116 0,4236 2 1 0,1 0,7999 0 0 0,0241 0
0,4129 0,4225 1 1 0,1 0,7999 0 0 0,0258 0
0,4142 0,4213 0 1 0,1 0,7999 0 0 0,0276 0
0,4155 0,4202 0 2 0,1 0,7999 0 0 0,0283 0
0,4167 0,419 0 2 0,1 0,7999 0 0 0,03 0
0,418 0,4178 -2 2 0,1 0,7999 0 0 0,0318 0
0,4192 0,4166 -4 3 0,1 0,7999 0 0 0,0323 0
0,4204 0,4154 -3 3 0,1 0,7999 0 0 0,034 0
0,4215 0,4142 -5 4 0,1 0,7999 0 0 0,0356 0
0,4226 0,4129 -7 4 0,1 0,7999 0 0 0,0361 0
0,4236 0,4116 -7 5 0,1 0,7999 0 0 0,0377 0
39,9739 7,4921 0,1043

0,4267 0,4045 -11 5 0,1 0,7999 0 0 0,0027 0
0,427 0,4029 -11 4 0,1 0,7999 0 0 0,0036 0
0,4271 0,4014 -10 4 0,1 0,7999 0 0 0,0049 0
0,4271 0,3997 -12 3 0,1 0,7999 0 0 0,006 0
0,427 0,3981 -11 2 0,1 0,7999 0 0 0,0075 0
0,4268 0,3964 -12 2 0,1 0,7999 0 0 0,0091 0
0,4264 0,3947 -9 2 0,1 0,7999 0 0 0,0104 0
0,4258 0,393 -11 1 0,1 0,7999 0 0 0,0122 0
0,425 0,3913 -11 1 0,1 0,7999 0 0 0,0141 0
0,4241 0,3897 -11 1 0,1 0,7999 0 0 0,0156 0
0,4231 0,388 -11 0 0,1 0,7999 0 0 0,0175 0
0,4221 0,3863 -11 1 0,1 0,7999 0 0 0,0195 0
0,4208 0,3847 -10 1 0,1 0,7999 0 0 0,0213 0
0,4195 0,3831 -10 0 0,1 0,7999 0 0 0,0233 0
0,418 0,3814 -10 0 0,1 0,7999 0 0 0,0256 0
0,4163 0,3798 -10 0 0,1 0,7999 0 0 0,0278 0
0,4146 0,3782 -8 0 0,1 0,7999 0 0 0,0301 0
0,4128 0,3767 -10 0 0,1 0,7999 0 0 0,0324 0
0,4109 0,3751 -8 0 0,1 0,7999 0 0 0,0348 0
0,409 0,3736 -7 1 0,1 0,7999 0 0 0,0372 0
0,4069 0,3721 -8 0 0,1 0,7999 0 0 0,0397 0
0,4048 0,3706 -7 0 0,1 0,7999 0 0 0,0422 0
0,4026 0,3692 -7 0 0,1 0,7999 0 0 0,0447 0
0,4004 0,3677 -6 1 0,1 0,7999 0 0 0,0473 0
0,3981 0,3663 -6 0 0,1 0,7999 0 0 0,0499 0
0,3957 0,3649 -5 0 0,1 0,7999 0 0 0,0526 0
0,3933 0,3635 -5 0 0,1 0,7999 0 0 0,0553 0
0,3909 0,3621 -3 1 0,1 0,7999 0 0 0,058 0
0,3884 0,3608 -3 1 0,1 0,7999 0 0 0,0607 0
0,386 0,3595 -3 1 0,1 0,7999 0 0 0,0634 0
0,3835 0,3582 -1 2 0,1 0,7999 0 0 0,0661 0
0,381 0,3568 -1 2 0,1 0,7999 0 0 0,0689 0
0,3786 0,3555 0 3 0,1 0,7999 0 0 0,0716 0
0,3761 0,3541 0 3 0,1 0,7999 0 0 0,0744 0
0,3737 0,3528 0 3 0,1 0,7999 0 0 0,0771 0
0,3714 0,3513 0 4 0,1 0,7999 0 0 0,0798 0
0,3691 0,3499 2 5 0,1 0,7999 0 0 0,0824 0
0,3668 0,3485 3 6 0,1 0,7999 0 0 0,0851 0
0,3646 0,347 3 6 0,1 0,7999 0 0 0,0878 0
0,3624 0,3454 3 6 0,1 0,7999 0 0 0,0905 0
0,3604 0,3438 4 8 0,1 0,7999 0 0 0,093 0
0,3584 0,3421 4 8 0,1 0,7999 0 0 0,0957 0
0,3565 0,3404 5 8 0,1 0,7999 0 0 0,0982 0
0,3547 0,3386 5 8 0,1 0,7999 0 0 0,1007 0
0,353 0,3367 8 9 0,1 0,7999 0 0 0,1033 0
0,3513 0,3347 7 9 0,1 0,7999 0 0 0,1058 0
0,3498 0,3326 8 9 0,1 0,7999 0 0 0,1083 0
0,3484 0,3304 9 10 0,1 0,7999 0 0 0,1108 0
0,3472 0,3282 9 11 0,1 0,7999 0 0 0,1132 0
0,3461 0,3258 10 10 0,1 0,7999 0 0 0,1156 0
0,3451 0,3234 10 9 0,1 0,7999 0 0 0,1179 0
0,3443 0,3208 10 9 0,1 0,7999 0 0 0,1203 0
0,3436 0,3182 10 10 0,1 0,7999 0 0 0,1225 0
0,3431 0,3154 10 9 0,1 0,7999 0 0 0,1248 0
0,3427 0,3127 10 8 0,1 0,7999 0 0 0,127 0
0,3425 0,3098 11 7 0,1 0,7999 0 0 0,1292 0
0,3423 0,3069 11 7 0,1 0,7999 0 0 0,1314 0
7,6803 3,1651 0,1983

0,3425 0,3009 12 5 0,1 0,7999 0 0 0,1357 0
0,3427 0,2978 11 5 0,1 0,7999 0 0 0,1379 0
0,3431 0,2947 9 5 0,1 0,7999 0 0 0,14 0
0,3437 0,2916 11 4 0,1 0,7999 0 0 0,142 0
0,3444 0,2885 11 4 0,1 0,7999 0 0 0,144 0
0,3453 0,2853 10 3 0,1 0,7999 0 0 0,146 0
0,3463 0,2822 11 3 0,1 0,7999 0 0 0,1479 0
0,3473 0,2791 10 2 0,1 0,7999 0 0 0,1498 0
0,3485 0,276 9 2 0,1 0,7999 0 0 0,1517 0
0,3499 0,2728 10 1 0,1 0,7999 0 0 0,1536 0
0,3513 0,2698 9 1 0,1 0,7999 0 0 0,1554 0
0,3529 0,2666 8 1 0,1 0,7999 0 0 0,1573 0
0,3545 0,2637 9 0 0,1 0,7999 0 0 0,159 0
0,3562 0,2607 9 0 0,1 0,7999 0 0 0,1608 0
0,358 0,2577 8 0 0,1 0,7999 0 0 0,1626 0
0,3599 0,2548 8 0 0,1 0,7999 0 0 0,1644 0
0,3618 0,252 7 0 0,1 0,7999 0 0 0,166 0
0,3639 0,2492 7 -1 0,1 0,7999 0 0 0,1677 0
0,366 0,2464 7 -1 0,1 0,7999 0 0 0,1694 0
0,3682 0,2437 6 -2 0,1 0,7999 0 0 0,171 0
0,3704 0,2411 7 -3 0,1 0,7999 0 0 0,1726 0
0,3726 0,2385 6 -4 0,1 0,7999 0 0 0,1743 0
0,3749 0,2361 5 -3 0,1 0,7999 0 0 0,1758 0
0,3773 0,2337 6 -2 0,1 0,7999 0 0 0,1773 0
0,3797 0,2314 6 -2 0,1 0,7999 0 0 0,1787 0
0,3822 0,2291 5 -3 0,1 0,7999 0 0 0,1802 0
0,3847 0,227 5 -5 0,1 0,7999 0 0 0,1815 0
0,3872 0,2248 4 -5 0,1 0,7999 0 0 0,183 0
0,3897 0,2229 4 -5 0,1 0,7999 0 0 0,1843 0
0,3923 0,2209 5 -6 0,1 0,7999 0 0 0,1856 0
0,3949 0,2192 4 -6 0,1 0,7999 0 0 0,1867 0
0,3975 0,2174 4 -7 0,1 0,7999 0 0 0,188 0
0,4001 0,2159 4 -8 0,1 0,7999 0 0 0,189 0
0,4028 0,2144 3 -8 0,1 0,7999 0 0 0,19 0
0,4055 0,2131 4 -8 0,1 0,7999 0 0 0,1909 0
0,4081 0,2118 3 -9 0,1 0,7999 0 0 0,1918 0
0,4108 0,2108 3 -10 0,1 0,7999 0 0 0,1925 0
0,4135 0,2098 2 -11 0,1 0,7999 0 0 0,1932 0
0,4162 0,209 2 -12 0,1 0,7999 0 0 0,1937 0
0,4189 0,2083 2 -13 0,1 0,7999 0 0 0,1942 0
0,4216 0,2078 1 -14 0,1 0,7999 0 0 0,1945 0
0,4243 0,2075 1 -15 0,1 0,7999 0 0 0,1947 0
0,4269 0,2074 1 -16 0,1 0,7999 0 0 0,1947 0
3,1031 1,4933 0,2559

0,4296 0,2074 1 -16 0,1 0,7999 0 0 0,1946 0
0,4322 0,2076 2 -16 0,1 0,7999 0 0 0,1944 0
0,4348 0,2079 1 -16 0,1 0,7999 0 0 0,1941 0
0,4374 0,2085 1 -15 0,1 0,7999 0 0 0,1936 0
0,44 0,2094 0 -16 0,1 0,7999 0 0 0,1927 0
0,4425 0,2103 0 -15 0,1 0,7999 0 0 0,1919 0
0,445 0,2115 0 -16 0,1 0,7999 0 0 0,1909 0
0,4475 0,2129 0 -15 0,1 0,7999 0 0 0,1897 0
0,4499 0,2144 0 -14 0,1 0,7999 0 0 0,1884 0
0,4523 0,2161 0 -14 0,1 0,7999 0 0 0,1869 0
0,4546 0,2181 -1 -13 0,1 0,7999 0 0 0,1852 0
0,4569 0,2201 -1 -13 0,1 0,7999 0 0 0,1835 0
0,4592 0,2223 0 -12 0,1 0,7999 0 0 0,1816 0
0,4614 0,2246 0 -11 0,1 0,7999 0 0 0,1797 0
0,4636 0,227 0 -10 0,1 0,7999 0 0 0,1777 0
0,4657 0,2295 0 -10 0,1 0,7999 0 0 0,1756 0
0,4679 0,2322 1 -9 0,1 0,7999 0 0 0,1733 0
0,4699 0,2349 0 -8 0,1 0,7999 0 0 0,1711 0
0,472 0,2377 0 -7 0,1 0,7999 0 0 0,1689 0
0,474 0,2405 1 -6 0,1 0,7999 0 0 0,1666 0
0,476 0,2434 2 -6 0,1 0,7999 0 0 0,1643 0
0,478 0,2463 0 -6 0,1 0,7999 0 0 0,1621 0
0,48 0,2493 3 -5 0,1 0,7999 0 0 0,1598 0
0,482 0,2523 2 -4 0,1 0,7999 0 0 0,1575 0
0,484 0,2554 1 -4 0,1 0,7999 0 0 0,1552 0
0,486 0,2584 2 -3 0,1 0,7999 0 0 0,1531 0
0,488 0,2615 2 -4 0,1 0,7999 0 0 0,1509 0
0,49 0,2646 1 -3 0,1 0,7999 0 0 0,1488 0
0,4919 0,2677 2 -4 0,1 0,7999 0 0 0,1466 0
0,4939 0,2707 3 -3 0,1 0,7999 0 0 0,1447 0
0,4959 0,2739 1 -3 0,1 0,7999 0 0 0,1427 0
0,4978 0,2769 4 -2 0,1 0,7999 0 0 0,1409 0
0,4998 0,28 1 -2 0,1 0,7999 0 0 0,1391 0
0,5018 0,2831 1 -1 0,1 0,7999 0 0 0,1374 0
0,5038 0,2862 2 -2 0,1 0,7999 0 0 0,1357 0
0,5058 0,2892 1 -1 0,1 0,7999 0 0 0,1343 0
0,5077 0,2922 1 -2 0,1 0,7999 0 0 0,1328 0
0,5097 0,2952 3 -1 0,1 0,7999 0 0 0,1315 0
0,5117 0,2982 1 -1 0,1 0,7999 0 0 0,1303 0
0,5136 0,3011 1 0 0,1 0,7999 0 0 0,1291 0
0,5156 0,3041 3 -1 0,1 0,7999 0 0 0,1281 0
0,5175 0,3069 0 0 0,1 0,7999 0 0 0,1272 0
0,5195 0,3098 2 0 0,1 0,7999 0 0 0,1264 0
0,5215 0,3126 2 0 0,1 0,7999 0 0 0,1258 0
0,5234 0,3154 1 0 0,1 0,7999 0 0 0,1252 0
0,5254 0,3182 2 0 0,1 0,7999 0 0 0,1247 0
0,5273 0,3209 2 0 0,1 0,7999 0 0 0,1244 0
0,5293 0,3236 1 0 0,1 0,7999 0 0 0,1242 0
0,5312 0,3262 2 0 0,1 0,7999 0 0 0,1241 0
0,5331 0,3288 2 1 0,1 0,7999 0 0 0,124 0
0,5351 0,3313 0 2 0,1 0,7999 0 0 0,1242 0
0,537 0,3338 3 2 0,1 0,7999 0 0 0,1244 0
0,539 0,3362 1 2 0,1 0,7999 0 0 0,1248 0
0,5409 0,3386 2 2 0,1 0,7999 0 0 0,1251 0
0,5429 0,3409 3 3 0,1 0,7999 0 0 0,1257 0
0,5448 0,3431 1 4 0,1 0,7999 0 0 0,1264 0
0,5467 0,3453 3 4 0,1 0,7999 0 0 0,1271 0
0,5487 0,3473 3 5 0,1 0,7999 0 0 0,128 0
0,5506 0,3493 2 6 0,1 0,7999 0 0 0,1289 0
0,5526 0,3511 2 6 0,1 0,7999 0 0 0,13 0
0,5545 0,3529 4 6 0,1 0,7999 0 0 0,131 0
0,5565 0,3545 1 7 0,1 0,7999 0 0 0,1323 0
0,5585 0,3561 4 8 0,1 0,7999 0 0 0,1336 0
0,5605 0,3575 3 8 0,1 0,7999 0 0 0,135 0
0,5625 0,3588 2 9 0,1 0,7999 0 0 0,1365 0
0,5645 0,3599 4 11 0,1 0,7999 0 0 0,1381 0
0,5666 0,361 2 12 0,1 0,7999 0 0 0,1397 0
0,5686 0,3618 2 13 0,1 0,7999 0 0 0,1414 0
0,5706 0,3626 3 13 0,1 0,7999 0 0 0,1431 0
0,5727 0,3631 2 13 0,1 0,7999 0 0 0,145 0
0,5747 0,3634 1 13 0,1 0,7999 0 0 0,1469 0
0,5768 0,3636 5 13 0,1 0,7999 0 0 0,1488 0
0,5788 0,3636 2 14 0,1 0,7999 0 0 0,1508 0
13,275 1,6514 0,247

0,583 0,3632 3 14 0,1 0,7999 0 0 0,1549 0
0,5851 0,3628 2 14 0,1 0,7999 0 0 0,1571 0
0,5872 0,3621 1 14 0,1 0,7999 0 0 0,1593 0
0,5893 0,3613 4 13 0,1 0,7999 0 0 0,1615 0
0,5915 0,3604 2 13 0,1 0,7999 0 0 0,1639 0
0,5936 0,3592 2 12 0,1 0,7999 0 0 0,1662 0
0,5957 0,3579 2 12 0,1 0,7999 0 0 0,1686 0
0,5978 0,3565 2 12 0,1 0,7999 0 0 0,171 0
0,5999 0,3549 1 11 0,1 0,7999 0 0 0,1734 0
0,602 0,3532 2 11 0,1 0,7999 0 0 0,1759 0
0,6041 0,3514 2 10 0,1 0,7999 0 0 0,1784 0
0,6063 0,3495 1 10 0,1 0,7999 0 0 0,1811 0
0,6083 0,3474 2 9 0,1 0,7999 0 0 0,1836 0
0,6104 0,3453 2 8 0,1 0,7999 0 0 0,1862 0
0,6125 0,3431 2 9 0,1 0,7999 0 0 0,1889 0
0,6146 0,3409 0 8 0,1 0,7999 0 0 0,1916 0
0,6167 0,3385 2 6 0,1 0,7999 0 0 0,1944 0
0,6188 0,3361 1 6 0,1 0,7999 0 0 0,1971 0
0,6208 0,3336 1 6 0,1 0,7999 0 0 0,1999 0
0,6229 0,3311 1 6 0,1 0,7999 0 0 0,2027 0
0,6249 0,3285 2 4 0,1 0,7999 0 0 0,2055 0
0,6269 0,3259 0 4 0,1 0,7999 0 0 0,2083 0
0,629 0,3233 2 4 0,1 0,7999 0 0 0,2112 0
0,631 0,3207 2 4 0,1 0,7999 0 0 0,214 0
0,633 0,318 1 4 0,1 0,7999 0 0 0,2169 0
0,635 0,3153 2 3 0,1 0,7999 0 0 0,2198 0
0,637 0,3126 1 4 0,1 0,7999 0 0 0,2227 0
0,639 0,31 1 3 0,1 0,7999 0 0 0,2256 0
0,641 0,3072 1 2 0,1 0,7999 0 0 0,2286 0
0,6429 0,3045 3 1 0,1 0,7999 0 0 0,2314 0
0,6449 0,3018 1 1 0,1 0,7999 0 0 0,2344 0
0,6469 0,2992 3 1 0,1 0,7999 0 0 0,2373 0
0,6489 0,2965 1 1 0,1 0,7999 0 0 0,2403 0
0,6508 0,2939 1 1 0,1 0,7999 0 0 0,2432 0
0,6528 0,2912 2 1 0,1 0,7999 0 0 0,2461 0
0,6548 0,2886 2 0 0,1 0,7999 0 0 0,2491 0
0,6568 0,2861 2 0 0,1 0,7999 0 0 0,252 0
0,6588 0,2835 2 0 0,1 0,7999 0 0 0,255 0
0,6607 0,2811 2 -1 0,1 0,7999 0 0 0,2578 0
0,6627 0,2786 1 0 0,1 0,7999 0 0 0,2607 0
0,6647 0,2762 3 0 0,1 0,7999 0 0 0,2636 0
0,6667 0,2739 1 -1 0,1 0,7999 0 0 0,2665 0
0,6687 0,2715 2 -3 0,1 0,7999 0 0 0,2694 0
0,6707 0,2693 2 -4 0,1 0,7999 0 0 0,2722 0
0,6726 0,2671 1 -3 0,1 0,7999 0 0 0,275 0
0,6746 0,265 1 -3 0,1 0,7999 0 0 0,2777 0
0,6766 0,263 2 -6 0,1 0,7999 0 0 0,2805 0
0,6786 0,2611 1 -6 0,1 0,7999 0 0 0,2831 0
0,6806 0,2592 1 -6 0,1 0,7999 0 0 0,2858 0
0,6825 0,2575 3 -8 0,1 0,7999 0 0 0,2883 0
5,1462 1,0907 0,2395

0,6845 0,2559 0 -8 0,1 0,7999 0 0 0,2909 0
0,6864 0,2544 2 -10 0,1 0,7999 0 0 0,2933 0
0,6884 0,253 1 -10 0,1 0,7999 0 0 0,2957 0
0,6903 0,2518 0 -12 0,1 0,7999 0 0 0,2979 0
0,6922 0,2508 1 -12 0,1 0,7999 0 0 0,3001 0
0,6941 0,2498 0 -12 0,1 0,7999 0 0 0,3022 0
0,696 0,2491 0 -13 0,1 0,7999 0 0 0,3042 0
0,6978 0,2485 0 -13 0,1 0,7999 0 0 0,3061 0
0,6996 0,2482 0 -13 0,1 0,7999 0 0 0,3078 0
0,7015 0,248 0 -12 0,1 0,7999 0 0 0,3095 0
0,7032 0,2479 0 -12 0,1 0,7999 0 0 0,3111 0
0,705 0,2479 0 -12 0,1 0,7999 0 0 0,3126 0
0,7067 0,2481 0 -11 0,1 0,7999 0 0 0,314 0
0,7084 0,2485 0 -11 0,1 0,7999 0 0 0,3153 0
0,7101 0,249 0 -11 0,1 0,7999 0 0 0,3165 0
0,7117 0,2496 0 -11 0,1 0,7999 0 0 0,3176 0
0,7134 0,2504 0 -10 0,1 0,7999 0 0 0,3188 0
0,715 0,2513 -1 -10 0,1 0,7999 0 0 0,3197 0
0,7165 0,2523 0 -10 0,1 0,7999 0 0 0,3206 0
0,7181 0,2535 0 -10 0,1 0,7999 0 0 0,3215 0
0,7196 0,2548 -1 -9 0,1 0,7999 0 0 0,3222 0
0,7211 0,2562 1 -8 0,1 0,7999 0 0 0,3229 0
0,7226 0,2576 -1 -9 0,1 0,7999 0 0 0,3236 0
0,724 0,2592 -1 -8 0,1 0,7999 0 0 0,3241 0
0,7254 0,2609 0 -8 0,1 0,7999 0 0 0,3247 0
0,7268 0,2626 -1 -7 0,1 0,7999 0 0 0,3252 0
0,7282 0,2644 -1 -7 0,1 0,7999 0 0 0,3257 0
0,7294 0,2663 0 -7 0,1 0,7999 0 0 0,326 0
0,7308 0,2683 -1 -7 0,1 0,7999 0 0 0,3264 0
0,732 0,2703 -2 -6 0,1 0,7999 0 0 0,3267 0
0,7332 0,2723 0 -6 0,1 0,7999 0 0 0,327 0
0,7345 0,2745 -2 -6 0,1 0,7999 0 0 0,3274 0
0,7356 0,2766 -2 -5 0,1 0,7999 0 0 0,3276 0
0,7368 0,2789 0 -5 0,1 0,7999 0 0 0,3278 0
0,7378 0,2811 -1 -6 0,1 0,7999 0 0 0,3279 0
0,7389 0,2834 -2 -5 0,1 0,7999 0 0 0,3281 0
0,7399 0,2858 -2 -5 0,1 0,7999 0 0 0,3282 0
0,7409 0,2882 -1 -4 0,1 0,7999 0 0 0,3283 0
0,7419 0,2906 -1 -5 0,1 0,7999 0 0 0,3284 0
0,7428 0,2931 -2 -5 0,1 0,7999 0 0 0,3284 0
0,7436 0,2955 -2 -4 0,1 0,7999 0 0 0,3284 0
0,7444 0,298 -1 -4 0,1 0,7999 0 0 0,3283 0
0,7453 0,3005 -2 -3 0,1 0,7999 0 0 0,3284 0
0,746 0,3031 -2 -4 0,1 0,7999 0 0 0,3283 0
0,7467 0,3056 -1 -4 0,1 0,7999 0 0 0,3282 0
0,7474 0,3081 -3 -3 0,1 0,7999 0 0 0,3281 0
0,748 0,3107 -3 -3 0,1 0,7999 0 0 0,328 0
0,7486 0,3133 -3 -2 0,1 0,7999 0 0 0,3278 0
0,7491 0,3158 -4 -3 0,1 0,7999 0 0 0,3276 0
0,7496 0,3184 -4 -2 0,1 0,7999 0 0 0,3275 0
0,75 0,321 -5 -2 0,1 0,7999 0 0 0,3272 0
0,7503 0,3235 -6 -2 0,1 0,7999 0 0 0,3269 0
10,1822 0,5697 0,1823

0,7508 0,3286 -7 -1 0,1 0,7999 0 0 0,3262 0
0,7509 0,3311 -7 0 0,1 0,7999 0 0 0,3257 0
0,7509 0,3336 -8 0 0,1 0,7999 0 0 0,3252 0
0,7509 0,3361 -9 0 0,1 0,7999 0 0 0,3247 0
0,7507 0,3385 -9 0 0,1 0,7999 0 0 0,324 0
0,7505 0,3409 -9 0 0,1 0,7999 0 0 0,3233 0
0,7501 0,3432 -9 1 0,1 0,7999 0 0 0,3225 0
0,7496 0,3455 -8 0 0,1 0,7999 0 0 0,3216 0
0,7489 0,3478 -10 0 0,1 0,7999 0 0 0,3205 0
0,7481 0,35 -9 0 0,1 0,7999 0 0 0,3194 0
0,7473 0,3522 -9 0 0,1 0,7999 0 0 0,3182 0
0,7463 0,3543 -8 0 0,1 0,7999 0 0 0,3169 0
0,7452 0,3564 -8 -1 0,1 0,7999 0 0 0,3155 0
0,744 0,3586 -9 -1 0,1 0,7999 0 0 0,314 0
0,7428 0,3606 -8 0 0,1 0,7999 0 0 0,3126 0
0,7414 0,3627 -7 -2 0,1 0,7999 0 0 0,3109 0
0,74 0,3647 -8 -2 0,1 0,7999 0 0 0,3093 0
0,7385 0,3668 -8 -2 0,1 0,7999 0 0 0,3075 0
0,7368 0,3688 -7 -3 0,1 0,7999 0 0 0,3056 0
0,7352 0,3708 -6 -4 0,1 0,7999 0 0 0,3038 0
0,7335 0,3729 -7 -3 0,1 0,7999 0 0 0,3019 0
0,7316 0,375 -5 -4 0,1 0,7999 0 0 0,2998 0
0,7298 0,3771 -5 -4 0,1 0,7999 0 0 0,2978 0
0,7279 0,3792 -6 -3 0,1 0,7999 0 0 0,2958 0
0,7259 0,3813 -5 -4 0,1 0,7999 0 0 0,2936 0
0,7239 0,3835 -6 -4 0,1 0,7999 0 0 0,2915 0
0,7218 0,3857 -5 -3 0,1 0,7999 0 0 0,2893 0
0,7197 0,3879 -5 -3 0,1 0,7999 0 0 0,287 0
0,7176 0,3901 -4 -4 0,1 0,7999 0 0 0,2848 0
0,7155 0,3923 -5 -4 0,1 0,7999 0 0 0,2827 0
0,7133 0,3946 -5 -3 0,1 0,7999 0 0 0,2804 0
0,7111 0,3969 -5 -3 0,1 0,7999 0 0 0,2781 0
0,7088 0,3991 -4 -4 0,1 0,7999 0 0 0,2758 0
0,7065 0,4014 -5 -3 0,1 0,7999 0 0 0,2735 0
0,7042 0,4037 -4 -2 0,1 0,7999 0 0 0,2712 0
0,7019 0,406 -5 -3 0,1 0,7999 0 0 0,2689 0
0,6995 0,4084 -4 -3 0,1 0,7999 0 0 0,2666 0
0,6971 0,4107 -4 -3 0,1 0,7999 0 0 0,2642 0
0,6948 0,413 -3 -3 0,1 0,7999 0 0 0,262 0
0,6923 0,4154 -4 -2 0,1 0,7999 0 0 0,2596 0
0,6899 0,4177 -3 -3 0,1 0,7999 0 0 0,2574 0
0,6875 0,42 -3 -2 0,1 0,7999 0 0 0,2551 0
0,685 0,4224 -3 -2 0,1 0,7999 0 0 0,2528 0
0,6826 0,4247 -1 -2 0,1 0,7999 0 0 0,2506 0
0,6801 0,427 -3 -2 0,1 0,7999 0 0 0,2484 0
0,6777 0,4294 -2 -3 0,1 0,7999 0 0 0,2462 0
0,6753 0,4317 -2 -1 0,1 0,7999 0 0 0,2441 0
0,6728 0,434 -1 -1 0,1 0,7999 0 0 0,2419 0
0,6704 0,4363 -2 -2 0,1 0,7999 0 0 0,2399 0
0,668 0,4386 -1 -1 0,1 0,7999 0 0 0,2378 0
0,6655 0,4409 -2 -1 0,1 0,7999 0 0 0,2357 0
0,6632 0,4432 -1 0 0,1 0,7999 0 0 0,2339 0
0,6608 0,4454 -1 0 0,1 0,7999 0 0 0,2319 0
0,6584 0,4476 -1 0 0,1 0,7999 0 0 0,23 0
0,6561 0,4498 -1 0 0,1 0,7999 0 0 0,2282 0
0,6537 0,452 -2 1 0,1 0,7999 0 0 0,2263 0
0,6514 0,4541 0 0 0,1 0,7999 0 0 0,2245 0
0,6491 0,4561 -1 1 0,1 0,7999 0 0 0,2228 0
0,6468 0,4582 -1 3 0,1 0,7999 0 0 0,2211 0
0,6445 0,4601 -2 2 0,1 0,7999 0 0 0,2193 0
0,6423 0,462 -1 3 0,1 0,7999 0 0 0,2177 0
0,64 0,4639 -1 5 0,1 0,7999 0 0 0,2161 0
0,6378 0,4657 -1 5 0,1 0,7999 0 0 0,2145 0
0,6356 0,4674 -1 6 0,1 0,7999 0 0 0,2129 0
0,6334 0,4689 -1 8 0,1 0,7999 0 0 0,2113 0
0,6312 0,4704 -2 9 0,1 0,7999 0 0 0,2097 0
0,629 0,4718 -1 9 0,1 0,7999 0 0 0,2081 0
0,6268 0,473 -2 11 0,1 0,7999 0 0 0,2064 0
7,9158 0,8605 0,2331

0,6225 0,4749 0 12 0,1 0,7999 0 0 0,203 0
0,6204 0,4757 -2 12 0,1 0,7999 0 0 0,2014 0
0,6182 0,4763 0 14 0,1 0,7999 0 0 0,1995 0
0,6161 0,4766 -1 15 0,1 0,7999 0 0 0,1977 0
0,614 0,4768 0 15 0,1 0,7999 0 0 0,1958 0
0,6119 0,4768 -2 16 0,1 0,7999 0 0 0,1939 0
0,6099 0,4767 0 17 0,1 0,7999 0 0 0,192 0
0,6078 0,4764 0 16 0,1 0,7999 0 0 0,19 0
0,6058 0,4758 0 15 0,1 0,7999 0 0 0,1879 0
0,6038 0,475 -1 15 0,1 0,7999 0 0 0,1857 0
0,6019 0,4741 0 15 0,1 0,7999 0 0 0,1836 0
0,5999 0,473 -1 15 0,1 0,7999 0 0 0,1814 0
0,598 0,4717 0 13 0,1 0,7999 0 0 0,1791 0
0,5961 0,4701 0 13 0,1 0,7999 0 0 0,1767 0
0,5942 0,4685 -1 12 0,1 0,7999 0 0 0,1744 0
0,5924 0,4668 0 12 0,1 0,7999 0 0 0,1721 0
0,5905 0,4649 -1 10 0,1 0,7999 0 0 0,1696 0
0,5887 0,4629 0 11 0,1 0,7999 0 0 0,1672 0
0,5869 0,4608 0 9 0,1 0,7999 0 0 0,1648 0
0,5851 0,4587 0 8 0,1 0,7999 0 0 0,1623 0
0,5834 0,4564 0 9 0,1 0,7999 0 0 0,1599 0
0,5817 0,4541 0 6 0,1 0,7999 0 0 0,1576 0
0,58 0,4517 0 5 0,1 0,7999 0 0 0,1552 0
0,5784 0,4493 0 6 0,1 0,7999 0 0 0,1529 0
0,5767 0,4468 0 4 0,1 0,7999 0 0 0,1505 0
0,5751 0,4443 0 4 0,1 0,7999 0 0 0,1483 0
0,5735 0,4419 -1 2 0,1 0,7999 0 0 0,1461 0
0,5719 0,4394 0 2 0,1 0,7999 0 0 0,1438 0
0,5704 0,4369 0 3 0,1 0,7999 0 0 0,1418 0
0,5689 0,4344 -1 1 0,1 0,7999 0 0 0,1397 0
0,5674 0,432 0 1 0,1 0,7999 0 0 0,1377 0
0,5659 0,4296 0 0 0,1 0,7999 0 0 0,1357 0
0,5644 0,4272 -1 -1 0,1 0,7999 0 0 0,1338 0
0,563 0,4248 0 -1 0,1 0,7999 0 0 0,132 0
0,5615 0,4225 -1 -1 0,1 0,7999 0 0 0,1301 0
0,5601 0,4203 -1 -3 0,1 0,7999 0 0 0,1284 0
0,5587 0,4182 0 -5 0,1 0,7999 0 0 0,1267 0
0,5573 0,4161 -1 -7 0,1 0,7999 0 0 0,1251 0
0,5559 0,4142 -2 -6 0,1 0,7999 0 0 0,1235 0
5,5998 1,2613 0,2053

0,5546 0,4124 -3 -12 0,1 0,7999 0 0 0,122 0
0,5532 0,4108 -3 -10 0,1 0,7999 0 0 0,1205 0
0,5518 0,4093 -1 -12 0,1 0,7999 0 0 0,119 0
0,5504 0,408 -3 -14 0,1 0,7999 0 0 0,1176 0
0,549 0,4069 -4 -14 0,1 0,7999 0 0 0,1161 0
0,5475 0,406 -1 -15 0,1 0,7999 0 0 0,1146 0
0,5461 0,4052 -3 -16 0,1 0,7999 0 0 0,1131 0
0,5447 0,4047 -3 -16 0,1 0,7999 0 0 0,1117 0
0,5431 0,4043 -1 -15 0,1 0,7999 0 0 0,1101 0
0,5416 0,4042 -4 -16 0,1 0,7999 0 0 0,1086 0
0,5402 0,4043 -4 -16 0,1 0,7999 0 0 0,1072 0
0,5386 0,4044 -1 -16 0,1 0,7999 0 0 0,1056 0
0,537 0,4048 -4 -16 0,1 0,7999 0 0 0,104 0
0,5354 0,4055 -4 -16 0,1 0,7999 0 0 0,1025 0
0,5338 0,4063 -2 -16 0,1 0,7999 0 0 0,1009 0
0,5322 0,4073 -4 -16 0,1 0,7999 0 0 0,0993 0
0,5305 0,4085 -5 -15 0,1 0,7999 0 0 0,0977 0
0,5288 0,4099 -2 -14 0,1 0,7999 0 0 0,0961 0
0,5271 0,4115 -5 -14 0,1 0,7999 0 0 0,0946 0
0,5254 0,4132 -4 -13 0,1 0,7999 0 0 0,0931 0
0,5236 0,4151 -3 -13 0,1 0,7999 0 0 0,0915 0
0,5219 0,4172 -5 -12 0,1 0,7999 0 0 0,0902 0
0,52 0,4193 -3 -11 0,1 0,7999 0 0 0,0887 0
0,5182 0,4216 -4 -11 0,1 0,7999 0 0 0,0874 0
0,5163 0,424 -3 -11 0,1 0,7999 0 0 0,0862 0
0,5145 0,4265 -4 -10 0,1 0,7999 0 0 0,0851 0
0,5126 0,4291 -3 -9 0,1 0,7999 0 0 0,0841 0
0,5106 0,4318 -3 -8 0,1 0,7999 0 0 0,0831 0
0,5087 0,4345 -4 -8 0,1 0,7999 0 0 0,0824 0
0,5067 0,4373 -2 -7 0,1 0,7999 0 0 0,0817 0
0,5047 0,4402 -4 -7 0,1 0,7999 0 0 0,0812 0
0,5027 0,4432 -4 -6 0,1 0,7999 0 0 0,081 0
0,5007 0,4462 -3 -5 0,1 0,7999 0 0 0,0809 0
0,4987 0,4492 -4 -5 0,1 0,7999 0 0 0,0809 0
0,4966 0,4522 -4 -5 0,1 0,7999 0 0 0,081 0
0,4945 0,4553 -3 -4 0,1 0,7999 0 0 0,0814 0
0,4924 0,4584 -4 -4 0,1 0,7999 0 0 0,0819 0
0,4903 0,4615 -4 -3 0,1 0,7999 0 0 0,0826 0
0,4882 0,4647 -3 -4 0,1 0,7999 0 0 0,0835 0
0,486 0,4678 -4 -3 0,1 0,7999 0 0 0,0845 0
0,4838 0,4709 -4 -3 0,1 0,7999 0 0 0,0856 0
0,4816 0,474 -4 -2 0,1 0,7999 0 0 0,0869 0
0,4794 0,4771 -3 -3 0,1 0,7999 0 0 0,0883 0
0,4772 0,4802 -4 -2 0,1 0,7999 0 0 0,0898 0
0,4749 0,4833 -4 -2 0,1 0,7999 0 0 0,0915 0
0,4726 0,4864 -3 -1 0,1 0,7999 0 0 0,0932 0
0,4703 0,4895 -3 -1 0,1 0,7999 0 0 0,0951 0
0,4681 0,4925 -4 0 0,1 0,7999 0 0 0,0971 0
0,4658 0,4955 -4 -1 0,1 0,7999 0 0 0,0991 0
0,4634 0,4985 -3 0 0,1 0,7999 0 0 0,1012 0
0,4611 0,5014 -3 0 0,1 0,7999 0 0 0,1033 0
0,4587 0,5043 -3 0 0,1 0,7999 0 0 0,1055 0
0,4564 0,5071 -4 0 0,1 0,7999 0 0 0,1077 0
0,454 0,5099 -3 0 0,1 0,7999 0 0 0,1099 0
0,4517 0,5127 -3 1 0,1 0,7999 0 0 0,1123 0
0,4492 0,5154 -2 1 0,1 0,7999 0 0 0,1146 0
0,4469 0,518 -4 1 0,1 0,7999 0 0 0,1168 0
0,4445 0,5206 -3 1 0,1 0,7999 0 0 0,1192 0
0,4421 0,5232 -3 2 0,1 0,7999 0 0 0,1215 0
0,4397 0,5257 -2 2 0,1 0,7999 0 0 0,1239 0
0,4372 0,5281 -2 4 0,1 0,7999 0 0 0,1262 0
0,4348 0,5304 -2 5 0,1 0,7999 0 0 0,1284 0
0,4324 0,5326 -3 5 0,1 0,7999 0 0 0,1306 0
0,43 0,5348 -3 7 0,1 0,7999 0 0 0,1328 0
0,4276 0,5368 -3 7 0,1 0,7999 0 0 0,1349 0
0,4252 0,5387 -4 8 0,1 0,7999 0 0 0,1369 0
0,4228 0,5405 -3 9 0,1 0,7999 0 0 0,1389 0
0,4203 0,5422 -4 11 0,1 0,7999 0 0 0,1408 0
0,4179 0,5437 -3 11 0,1 0,7999 0 0 0,1425 0
0,4154 0,545 -3 14 0,1 0,7999 0 0 0,1441 0
0,4129 0,5461 -3 16 0,1 0,7999 0 0 0,1455 0
0,4104 0,5471 -4 16 0,1 0,7999 0 0 0,1468 0
18,0835 2,2942 0,2404

0,408 0,5479 -5 16 0,1 0,7999 0 0 0,1053 0
0,4054 0,5484 -4 18 0,1 0,7999 0 0 0,1054 0
0,4029 0,5487 -3 17 0,1 0,7999 0 0 0,1054 0
0,4004 0,5488 -2 17 0,1 0,7999 0 0 0,1052 0
0,3979 0,5487 -3 17 0,1 0,7999 0 0 0,1049 0
0,3953 0,5484 -3 16 0,1 0,7999 0 0 0,1045 0
0,3928 0,548 -3 15 0,1 0,7999 0 0 0,104 0
0,3902 0,5473 -3 15 0,1 0,7999 0 0 0,1033 0
0,3877 0,5464 -1 14 0,1 0,7999 0 0 0,1025 0
0,3852 0,5453 -1 13 0,1 0,7999 0 0 0,1015 0
0,3827 0,544 0 12 0,1 0,7999 0 0 0,1003 0
0,3802 0,5426 0 11 0,1 0,7999 0 0 0,0992 0
0,3777 0,5411 0 10 0,1 0,7999 0 0 0,098 0
0,3752 0,5394 0 9 0,1 0,7999 0 0 0,0967 0
0,3728 0,5377 0 9 0,1 0,7999 0 0 0,0955 0
0,3704 0,5358 2 8 0,1 0,7999 0 0 0,0941 0
0,3681 0,5338 1 8 0,1 0,7999 0 0 0,0927 0
0,3658 0,5318 2 7 0,1 0,7999 0 0 0,0913 0
0,3636 0,5297 4 6 0,1 0,7999 0 0 0,09 0
0,3614 0,5276 6 7 0,1 0,7999 0 0 0,0887 0
0,3594 0,5253 4 5 0,1 0,7999 0 0 0,0872 0
0,3574 0,5231 7 4 0,1 0,7999 0 0 0,0859 0
0,3555 0,5208 9 4 0,1 0,7999 0 0 0,0846 0
0,3538 0,5184 8 4 0,1 0,7999 0 0 0,0832 0
0,3521 0,5161 10 3 0,1 0,7999 0 0 0,0819 0
0,3507 0,5137 12 1 0,1 0,7999 0 0 0,0805 0
0,3493 0,5114 12 2 0,1 0,7999 0 0 0,0793 0
0,3482 0,509 12 2 0,1 0,7999 0 0 0,0778 0
0,3473 0,5067 13 1 0,1 0,7999 0 0 0,0764 0
0,3465 0,5043 15 0 0,1 0,7999 0 0 0,0749 0
0,3458 0,5021 16 0 0,1 0,7999 0 0 0,0736 0
0,3454 0,4998 15 0 0,1 0,7999 0 0 0,0721 0
0,3452 0,4975 15 0 0,1 0,7999 0 0 0,0704 0
3,4647 2,392 0,2186

0,3453 0,4931 16 0 0,1 0,7999 0 0 0,0671 0
0,3456 0,491 16 0 0,1 0,7999 0 0 0,0653 0
0,3461 0,4889 16 0 0,1 0,7999 0 0 0,0635 0
0,3469 0,4868 13 1 0,1 0,7999 0 0 0,0615 0
0,3478 0,4847 13 0 0,1 0,7999 0 0 0,0594 0
0,349 0,4827 15 1 0,1 0,7999 0 0 0,0571 0
0,3503 0,4806 12 2 0,1 0,7999 0 0 0,0547 0
0,3517 0,4786 13 0 0,1 0,7999 0 0 0,0524 0
0,3532 0,4766 14 0 0,1 0,7999 0 0 0,0499 0
0,3549 0,4746 11 2 0,1 0,7999 0 0 0,0473 0
0,3567 0,4727 10 0 0,1 0,7999 0 0 0,0447 0
0,3587 0,4707 12 1 0,1 0,7999 0 0 0,0419 0
0,3608 0,4688 8 2 0,1 0,7999 0 0 0,0391 0
0,3629 0,4669 10 0 0,1 0,7999 0 0 0,0362 0
0,3652 0,465 10 0 0,1 0,7999 0 0 0,0333 0
0,3675 0,4631 8 1 0,1 0,7999 0 0 0,0303 0
0,3699 0,4613 8 0 0,1 0,7999 0 0 0,0273 0
0,3724 0,4594 9 1 0,1 0,7999 0 0 0,0241 0
0,3749 0,4575 4 1 0,1 0,7999 0 0 0,021 0
0,3775 0,4558 7 0 0,1 0,7999 0 0 0,0179 0
0,3801 0,4539 6 1 0,1 0,7999 0 0 0,0147 0
0,3828 0,4522 4 0 0,1 0,7999 0 0 0,0116 0
0,3854 0,4504 6 0 0,1 0,7999 0 0 0,0085 0
1,8259 5,4283 0,2192

0,3881 0,4487 5 0 0,1 0,7999 0 0 0,0055 0
0,3909 0,447 3 0 0,1 0,7999 0 0 0,003 0
0,3936 0,4453 3 0 0,1 0,7999 0 0 0,0029 0
0,3963 0,4437 3 0 0,1 0,7999 0 0 0,0053 0
0,3991 0,4421 2 0 0,1 0,7999 0 0 0,0083 0
0,4018 0,4405 2 -1 0,1 0,7999 0 0 0,0114 0
0,4045 0,4389 2 0 0,1 0,7999 0 0 0,0144 0
0,4072 0,4374 1 0 0,1 0,7999 0 0 0,0175 0
0,4099 0,4359 0 0 0,1 0,7999 0 0 0,0206 0
0,4125 0,4344 0 0 0,1 0,7999 0 0 0,0213 0
0,4151 0,4329 -3 0 0,1 0,7999 0 0 0,0243 0
0,4175 0,4315 -4 0 0,1 0,7999 0 0 0,027 0
0,4199 0,43 -7 1 0,1 0,7999 0 0 0,0271 0
0,4222 0,4286 -7 1 0,1 0,7999 0 0 0,0297 0
0,4244 0,4272 -9 2 0,1 0,7999 0 0 0,0323 0
0,4264 0,4258 -11 2 0,1 0,7999 0 0 0,0318 0
0,4282 0,4244 -13 2 0,1 0,7999 0 0 0,034 0
0,4298 0,4229 -12 1 0,1 0,7999 0 0 0,0361 0
0,4312 0,4215 -15 2 0,1 0,7999 0 0 0,035 0
0,4324 0,42 -13 2 0,1 0,7999 0 0 0,0367 0
0,4335 0,4186 -14 2 0,1 0,7999 0 0 0,0383 0
0,4343 0,4171 -14 2 0,1 0,7999 0 0 0,0369 0
0,4349 0,4156 -13 2 0,1 0,7999 0 0 0,0381 0
0,4353 0,4141 -15 3 0,1 0,7999 0 0 0,0392 0
0,4356 0,4126 -15 3 0,1 0,7999 0 0 0,0373 0
0,4356 0,4111 -15 2 0,1 0,7999 0 0 0,0381 0
0,4355 0,4095 -14 2 0,1 0,7999 0 0 0,0389 0
3,54 7,6819 0,1966

0,4353 0,408 -15 2 0,1 0,7999 0 0 0,006 0
0,4349 0,4065 -14 2 0,1 0,7999 0 0 0,0048 0
0,4342 0,4049 -12 2 0,1 0,7999 0 0 0,0035 0
0,4334 0,4033 -13 2 0,1 0,7999 0 0 0,002 0
0,4324 0,4018 -12 2 0,1 0,7999 0 0 0,002 0
0,4312 0,4002 -12 1 0,1 0,7999 0 0 0,0033 0
0,43 0,3986 -13 1 0,1 0,7999 0 0 0,0048 0
0,4285 0,3971 -12 1 0,1 0,7999 0 0 0,0068 0
0,427 0,3955 -10 1 0,1 0,7999 0 0 0,009 0
0,4254 0,394 -10 1 0,1 0,7999 0 0 0,011 0
0,4236 0,3924 -10 1 0,1 0,7999 0 0 0,0134 0
0,4217 0,3909 -7 1 0,1 0,7999 0 0 0,0158 0
0,4198 0,3894 -9 1 0,1 0,7999 0 0 0,0182 0
0,4177 0,3878 -8 2 0,1 0,7999 0 0 0,0208 0
0,4157 0,3863 -6 2 0,1 0,7999 0 0 0,0233 0
0,4135 0,3847 -7 2 0,1 0,7999 0 0 0,026 0
0,4113 0,3832 -6 2 0,1 0,7999 0 0 0,0286 0
0,4091 0,3816 -5 3 0,1 0,7999 0 0 0,0313 0
0,4068 0,38 -5 3 0,1 0,7999 0 0 0,0342 0
0,4045 0,3784 -5 3 0,1 0,7999 0 0 0,037 0
0,4022 0,3768 -4 3 0,1 0,7999 0 0 0,0398 0
0,3998 0,3752 -4 3 0,1 0,7999 0 0 0,0427 0
0,3974 0,3735 -3 3 0,1 0,7999 0 0 0,0456 0
0,395 0,3719 -1 3 0,1 0,7999 0 0 0,0485 0
0,3926 0,3702 -2 3 0,1 0,7999 0 0 0,0514 0
0,3902 0,3685 -2 3 0,1 0,7999 0 0 0,0544 0
0,3879 0,3667 -1 3 0,1 0,7999 0 0 0,0573 0
0,3855 0,365 0 3 0,1 0,7999 0 0 0,0602 0
0,3832 0,3632 0 3 0,1 0,7999 0 0 0,0631 0
0,3809 0,3615 0 4 0,1 0,7999 0 0 0,066 0
0,3787 0,3597 0 4 0,1 0,7999 0 0 0,0688 0
0,3765 0,3578 1 4 0,1 0,7999 0 0 0,0717 0
0,3743 0,3559 1 4 0,1 0,7999 0 0 0,0746 0
0,3722 0,3541 2 5 0,1 0,7999 0 0 0,0774 0
0,3701 0,3521 1 5 0,1 0,7999 0 0 0,0803 0
0,3681 0,3501 4 5 0,1 0,7999 0 0 0,0831 0
0,3661 0,3481 3 6 0,1 0,7999 0 0 0,0859 0
0,3643 0,3461 4 6 0,1 0,7999 0 0 0,0886 0
0,3626 0,3439 5 6 0,1 0,7999 0 0 0,0913 0
0,3609 0,3418 6 6 0,1 0,7999 0 0 0,0939 0
0,3594 0,3395 6 6 0,1 0,7999 0 0 0,0966 0
0,3579 0,3373 7 6 0,1 0,7999 0 0 0,0991 0
0,3566 0,335 9 7 0,1 0,7999 0 0 0,1016 0
0,3554 0,3327 8 5 0,1 0,7999 0 0 0,104 0
0,3543 0,3303 8 5 0,1 0,7999 0 0 0,1065 0
0,3533 0,3279 10 6 0,1 0,7999 0 0 0,1088 0
0,3525 0,3254 9 6 0,1 0,7999 0 0 0,1111 0
0,3519 0,3229 9 6 0,1 0,7999 0 0 0,1133 0
0,3514 0,3203 10 4 0,1 0,7999 0 0 0,1155 0
0,351 0,3178 9 4 0,1 0,7999 0 0 0,1175 0
0,3507 0,3152 9 4 0,1 0,7999 0 0 0,1196 0
0,3505 0,3126 10 4 0,1 0,7999 0 0 0,1216 0
0,3505 0,31 9 4 0,1 0,7999 0 0 0,1236 0
0,3505 0,3074 10 3 0,1 0,7999 0 0 0,1255 0
0,3507 0,3048 10 3 0,1 0,7999 0 0 0,1274 0
5,1602 3,4081 0,2068

0,351 0,3022 10 1 0,1 0,7999 0 0 0,1292 0
0,3514 0,2996 8 2 0,1 0,7999 0 0 0,1309 0
0,352 0,297 10 2 0,1 0,7999 0 0 0,1326 0
0,3527 0,2944 9 2 0,1 0,7999 0 0 0,1343 0
0,3535 0,2918 8 2 0,1 0,7999 0 0 0,1359 0
0,3545 0,2892 10 1 0,1 0,7999 0 0 0,1374 0
0,3554 0,2867 10 1 0,1 0,7999 0 0 0,139 0
0,3565 0,2842 9 0 0,1 0,7999 0 0 0,1405 0
0,3577 0,2817 8 0 0,1 0,7999 0 0 0,1419 0
0,3591 0,2792 7 0 0,1 0,7999 0 0 0,1433 0
0,3605 0,2768 8 1 0,1 0,7999 0 0 0,1447 0
0,362 0,2744 8 1 0,1 0,7999 0 0 0,146 0
0,3635 0,272 7 0 0,1 0,7999 0 0 0,1474 0
0,3651 0,2696 7 0 0,1 0,7999 0 0 0,1488 0
0,3668 0,2674 7 0 0,1 0,7999 0 0 0,15 0
0,3685 0,2651 6 1 0,1 0,7999 0 0 0,1513 0
0,3703 0,2628 6 0 0,1 0,7999 0 0 0,1527 0
0,3722 0,2606 6 -1 0,1 0,7999 0 0 0,1539 0
0,3741 0,2585 5 0 0,1 0,7999 0 0 0,1551 0
0,3761 0,2563 6 1 0,1 0,7999 0 0 0,1564 0
0,3781 0,2542 4 0 0,1 0,7999 0 0 0,1577 0
0,3802 0,2521 5 -1 0,1 0,7999 0 0 0,1589 0
0,3822 0,2501 4 0 0,1 0,7999 0 0 0,1602 0
0,3843 0,2481 4 0 0,1 0,7999 0 0 0,1614 0
0,3864 0,2461 4 -1 0,1 0,7999 0 0 0,1627 0
0,3886 0,2442 3 0 0,1 0,7999 0 0 0,1639 0
0,3907 0,2423 4 -2 0,1 0,7999 0 0 0,1652 0
0,3929 0,2405 3 -3 0,1 0,7999 0 0 0,1664 0
0,3951 0,2388 2 -2 0,1 0,7999 0 0 0,1675 0
0,3973 0,2371 4 -3 0,1 0,7999 0 0 0,1687 0
0,3995 0,2355 4 -3 0,1 0,7999 0 0 0,1698 0
0,4018 0,2339 2 -4 0,1 0,7999 0 0 0,171 0
0,404 0,2324 4 -4 0,1 0,7999 0 0 0,1721 0
0,4063 0,231 5 -4 0,1 0,7999 0 0 0,1731 0
0,4086 0,2297 3 -5 0,1 0,7999 0 0 0,174 0
0,4109 0,2285 3 -6 0,1 0,7999 0 0 0,1749 0
0,4131 0,2274 4 -6 0,1 0,7999 0 0 0,1757 0
0,4155 0,2264 3 -8 0,1 0,7999 0 0 0,1765 0
0,4178 0,2255 2 -9 0,1 0,7999 0 0 0,1772 0
0,4202 0,2247 2 -9 0,1 0,7999 0 0 0,1778 0
0,4225 0,2241 2 -10 0,1 0,7999 0 0 0,1782 0
0,4248 0,2236 3 -10 0,1 0,7999 0 0 0,1786 0
0,4271 0,2232 2 -11 0,1 0,7999 0 0 0,1789 0
0,4295 0,223 1 -12 0,1 0,7999 0 0 0,179 0
3,5593 1,3779 0,218

0,4341 0,223 3 -13 0,1 0,7999 0 0 0,179 0
0,4364 0,2231 2 -13 0,1 0,7999 0 0 0,1789 0
0,4387 0,2235 2 -12 0,1 0,7999 0 0 0,1786 0
0,441 0,224 1 -12 0,1 0,7999 0 0 0,1782 0
0,4433 0,2247 2 -12 0,1 0,7999 0 0 0,1776 0
0,4456 0,2255 2 -12 0,1 0,7999 0 0 0,1769 0
0,4478 0,2265 1 -12 0,1 0,7999 0 0 0,1761 0
0,4501 0,2276 0 -12 0,1 0,7999 0 0 0,1752 0
0,4523 0,2289 2 -11 0,1 0,7999 0 0 0,1742 0
0,4545 0,2303 2 -10 0,1 0,7999 0 0 0,173 0
0,4568 0,2318 1 -10 0,1 0,7999 0 0 0,1719 0
0,459 0,2334 1 -11 0,1 0,7999 0 0 0,1706 0
0,4612 0,2352 3 -10 0,1 0,7999 0 0 0,1692 0
0,4633 0,237 1 -10 0,1 0,7999 0 0 0,1678 0
0,4655 0,239 1 -10 0,1 0,7999 0 0 0,1662 0
0,4677 0,241 1 -10 0,1 0,7999 0 0 0,1647 0
0,4698 0,2432 2 -9 0,1 0,7999 0 0 0,163 0
0,472 0,2454 1 -9 0,1 0,7999 0 0 0,1614 0
0,4741 0,2477 1 -8 0,1 0,7999 0 0 0,1597 0
0,4763 0,2501 2 -8 0,1 0,7999 0 0 0,158 0
0,4784 0,2526 2 -8 0,1 0,7999 0 0 0,1561 0
0,4805 0,2551 0 -8 0,1 0,7999 0 0 0,1544 0
0,4827 0,2578 2 -7 0,1 0,7999 0 0 0,1525 0
0,4847 0,2604 2 -7 0,1 0,7999 0 0 0,1507 0
0,4868 0,2631 1 -7 0,1 0,7999 0 0 0,149 0
0,4888 0,2659 0 -7 0,1 0,7999 0 0 0,1471 0
0,4909 0,2687 3 -7 0,1 0,7999 0 0 0,1453 0
0,4929 0,2716 0 -7 0,1 0,7999 0 0 0,1435 0
0,495 0,2745 1 -6 0,1 0,7999 0 0 0,1418 0
0,497 0,2774 2 -6 0,1 0,7999 0 0 0,1401 0
0,499 0,2804 1 -6 0,1 0,7999 0 0 0,1384 0
0,501 0,2834 0 -6 0,1 0,7999 0 0 0,1367 0
0,5029 0,2865 3 -5 0,1 0,7999 0 0 0,135 0
0,5049 0,2895 1 -5 0,1 0,7999 0 0 0,1335 0
0,5069 0,2926 0 -4 0,1 0,7999 0 0 0,132 0
0,5088 0,2957 3 -4 0,1 0,7999 0 0 0,1306 0
0,5108 0,2988 0 -4 0,1 0,7999 0 0 0,1292 0
0,5127 0,3019 1 -4 0,1 0,7999 0 0 0,128 0
0,5146 0,3051 2 -3 0,1 0,7999 0 0 0,1267 0
0,5166 0,3081 1 -3 0,1 0,7999 0 0 0,1257 0
0,5185 0,3113 1 -3 0,1 0,7999 0 0 0,1246 0
0,5203 0,3144 2 -3 0,1 0,7999 0 0 0,1237 0
0,5223 0,3175 1 -2 0,1 0,7999 0 0 0,1229 0
0,5241 0,3205 2 -1 0,1 0,7999 0 0 0,1222 0
0,526 0,3236 3 -1 0,1 0,7999 0 0 0,1216 0
0,5279 0,3266 1 0 0,1 0,7999 0 0 0,1212 0
0,5298 0,3295 4 1 0,1 0,7999 0 0 0,1209 0
0,5317 0,3324 2 2 0,1 0,7999 0 0 0,1208 0
0,5336 0,3352 2 3 0,1 0,7999 0 0 0,1208 0
0,5355 0,3379 4 4 0,1 0,7999 0 0 0,1209 0
0,5375 0,3405 1 5 0,1 0,7999 0 0 0,1213 0
0,5394 0,343 3 6 0,1 0,7999 0 0 0,1217 0
0,5414 0,3454 3 7 0,1 0,7999 0 0 0,1223 0
0,5433 0,3477 3 7 0,1 0,7999 0 0 0,1229 0
0,5453 0,3498 4 7 0,1 0,7999 0 0 0,1238 0
0,5473 0,3518 4 8 0,1 0,7999 0 0 0,1248 0
0,5493 0,3537 2 8 0,1 0,7999 0 0 0,1259 0
0,5514 0,3554 4 7 0,1 0,7999 0 0 0,1272 0
0,5534 0,3571 4 9 0,1 0,7999 0 0 0,1285 0
0,5555 0,3585 2 9 0,1 0,7999 0 0 0,13 0
0,5576 0,3598 5 10 0,1 0,7999 0 0 0,1316 0
0,5597 0,361 3 9 0,1 0,7999 0 0 0,1332 0
0,5618 0,3621 3 10 0,1 0,7999 0 0 0,1348 0
0,5639 0,363 4 11 0,1 0,7999 0 0 0,1366 0
0,5661 0,3638 4 9 0,1 0,7999 0 0 0,1385 0
0,5683 0,3644 2 10 0,1 0,7999 0 0 0,1404 0
0,5705 0,3649 5 10 0,1 0,7999 0 0 0,1424 0
0,5727 0,3652 3 11 0,1 0,7999 0 0 0,1445 0
0,5749 0,3654 4 10 0,1 0,7999 0 0 0,1465 0
0,5772 0,3655 3 10 0,1 0,7999 0 0 0,1487 0
0,5795 0,3655 4 11 0,1 0,7999 0 0 0,151 0
0,5818 0,3653 3 12 0,1 0,7999 0 0 0,1533 0
0,5841 0,365 3 12 0,1 0,7999 0 0 0,1556 0
13,7127 1,6625 0,2401

0,5864 0,3645 2 12 0,1 0,7999 0 0 0,1579 0
0,5887 0,3639 4 12 0,1 0,7999 0 0 0,1603 0
0,591 0,3632 3 12 0,1 0,7999 0 0 0,1627 0
0,5934 0,3622 2 12 0,1 0,7999 0 0 0,1653 0
0,5957 0,3612 2 12 0,1 0,7999 0 0 0,1677 0
0,5981 0,36 3 12 0,1 0,7999 0 0 0,1704 0
0,6004 0,3586 3 12 0,1 0,7999 0 0 0,1729 0
0,6027 0,3571 2 12 0,1 0,7999 0 0 0,1755 0
0,6051 0,3555 2 11 0,1 0,7999 0 0 0,1783 0
0,6074 0,3537 1 12 0,1 0,7999 0 0 0,181 0
0,6097 0,3518 2 11 0,1 0,7999 0 0 0,1837 0
0,612 0,3498 0 10 0,1 0,7999 0 0 0,1865 0
0,6143 0,3477 2 10 0,1 0,7999 0 0 0,1893 0
0,6166 0,3455 0 9 0,1 0,7999 0 0 0,1921 0
0,6189 0,3433 2 9 0,1 0,7999 0 0 0,1949 0
0,6211 0,3409 0 9 0,1 0,7999 0 0 0,1978 0
0,6233 0,3384 1 8 0,1 0,7999 0 0 0,2006 0
0,6255 0,3359 0 7 0,1 0,7999 0 0 0,2035 0
0,6277 0,3334 1 7 0,1 0,7999 0 0 0,2064 0
0,6298 0,3307 0 7 0,1 0,7999 0 0 0,2093 0
0,6319 0,3281 1 7 0,1 0,7999 0 0 0,2122 0
0,634 0,3253 0 5 0,1 0,7999 0 0 0,2151 0
0,6361 0,3226 1 5 0,1 0,7999 0 0 0,2181 0
0,6381 0,3198 0 4 0,1 0,7999 0 0 0,221 0
0,6401 0,3171 1 4 0,1 0,7999 0 0 0,2238 0
0,642 0,3143 0 3 0,1 0,7999 0 0 0,2267 0
0,644 0,3115 0 2 0,1 0,7999 0 0 0,2296 0
0,6459 0,3087 0 2 0,1 0,7999 0 0 0,2324 0
0,6478 0,306 0 1 0,1 0,7999 0 0 0,2353 0
0,6497 0,3032 0 1 0,1 0,7999 0 0 0,2382 0
0,6515 0,3005 0 1 0,1 0,7999 0 0 0,2409 0
0,6534 0,2978 1 1 0,1 0,7999 0 0 0,2438 0
0,6552 0,2952 0 0 0,1 0,7999 0 0 0,2465 0
0,6569 0,2925 2 0 0,1 0,7999 0 0 0,2492 0
0,6587 0,29 0 -1 0,1 0,7999 0 0 0,252 0
0,6605 0,2874 0 -2 0,1 0,7999 0 0 0,2547 0
0,6622 0,285 2 -2 0,1 0,7999 0 0 0,2573 0
0,6639 0,2826 0 -2 0,1 0,7999 0 0 0,2599 0
0,6657 0,2803 2 -2 0,1 0,7999 0 0 0,2626 0
0,6674 0,278 0 -4 0,1 0,7999 0 0 0,2652 0
0,6691 0,2759 1 -6 0,1 0,7999 0 0 0,2677 0
0,6708 0,2738 3 -6 0,1 0,7999 0 0 0,2702 0
0,6725 0,2719 1 -6 0,1 0,7999 0 0 0,2726 0
0,6742 0,27 3 -8 0,1 0,7999 0 0 0,275 0
0,676 0,2684 2 -10 0,1 0,7999 0 0 0,2773 0
0,6777 0,2668 2 -10 0,1 0,7999 0 0 0,2796 0
0,6795 0,2655 3 -10 0,1 0,7999 0 0 0,2818 0
5,4915 1,0861 0,2395

0,6812 0,2642 3 -10 0,1 0,7999 0 0 0,2839 0
0,683 0,2632 3 -11 0,1 0,7999 0 0 0,2859 0
0,6848 0,2622 3 -11 0,1 0,7999 0 0 0,288 0
0,6866 0,2615 3 -11 0,1 0,7999 0 0 0,2899 0
0,6884 0,2609 3 -12 0,1 0,7999 0 0 0,2918 0
0,6903 0,2604 3 -12 0,1 0,7999 0 0 0,2937 0
0,6921 0,2601 3 -12 0,1 0,7999 0 0 0,2954 0
0,6941 0,26 3 -12 0,1 0,7999 0 0 0,2972 0
0,6959 0,26 2 -12 0,1 0,7999 0 0 0,2988 0
0,6979 0,2601 3 -12 0,1 0,7999 0 0 0,3005 0
0,6998 0,2603 3 -11 0,1 0,7999 0 0 0,3021 0
0,7017 0,2608 1 -10 0,1 0,7999 0 0 0,3035 0
0,7037 0,2613 4 -10 0,1 0,7999 0 0 0,3051 0
0,7056 0,262 1 -9 0,1 0,7999 0 0 0,3064 0
0,7076 0,2629 2 -9 0,1 0,7999 0 0 0,3078 0
0,7095 0,2638 2 -9 0,1 0,7999 0 0 0,3091 0
0,7114 0,2648 0 -8 0,1 0,7999 0 0 0,3104 0
0,7134 0,266 2 -9 0,1 0,7999 0 0 0,3116 0
0,7153 0,2673 0 -9 0,1 0,7999 0 0 0,3128 0
0,7172 0,2686 0 -8 0,1 0,7999 0 0 0,314 0
0,7191 0,27 0 -8 0,1 0,7999 0 0 0,3151 0
0,721 0,2716 -1 -8 0,1 0,7999 0 0 0,3161 0
0,7228 0,2732 -1 -8 0,1 0,7999 0 0 0,3171 0
0,7246 0,2749 -1 -6 0,1 0,7999 0 0 0,3181 0
0,7263 0,2766 -2 -6 0,1 0,7999 0 0 0,319 0
0,728 0,2784 -2 -6 0,1 0,7999 0 0 0,3198 0
0,7297 0,2803 -3 -7 0,1 0,7999 0 0 0,3207 0
0,7313 0,2823 -2 -6 0,1 0,7999 0 0 0,3214 0
0,7328 0,2843 -4 -7 0,1 0,7999 0 0 0,3221 0
0,7342 0,2863 -3 -7 0,1 0,7999 0 0 0,3227 0
0,7356 0,2884 -4 -7 0,1 0,7999 0 0 0,3232 0
0,737 0,2906 -5 -7 0,1 0,7999 0 0 0,3238 0
0,7382 0,2928 -4 -8 0,1 0,7999 0 0 0,3241 0
0,7393 0,2951 -6 -7 0,1 0,7999 0 0 0,3244 0
0,7404 0,2975 -7 -8 0,1 0,7999 0 0 0,3247 0
0,7414 0,2999 -5 -8 0,1 0,7999 0 0 0,3249 0
0,7423 0,3024 -6 -8 0,1 0,7999 0 0 0,3249 0
0,743 0,3049 -8 -8 0,1 0,7999 0 0 0,3249 0
0,7437 0,3075 -6 -7 0,1 0,7999 0 0 0,3248 0
0,7443 0,3102 -7 -7 0,1 0,7999 0 0 0,3246 0
0,7448 0,3129 -8 -6 0,1 0,7999 0 0 0,3243 0
0,7452 0,3157 -7 -7 0,1 0,7999 0 0 0,3239 0
0,7455 0,3185 -7 -6 0,1 0,7999 0 0 0,3235 0
0,7456 0,3214 -9 -6 0,1 0,7999 0 0 0,3228 0
0,7457 0,3243 -8 -5 0,1 0,7999 0 0 0,3222 0
6,4718 0,6112 0,191

0,7456 0,3302 -9 -5 0,1 0,7999 0 0 0,3207 0
0,7454 0,3332 -9 -5 0,1 0,7999 0 0 0,3199 0
0,745 0,3362 -7 -5 0,1 0,7999 0 0 0,3189 0
0,7446 0,3393 -10 -5 0,1 0,7999 0 0 0,3178 0
0,744 0,3423 -8 -4 0,1 0,7999 0 0 0,3167 0
0,7432 0,3454 -9 -4 0,1 0,7999 0 0 0,3153 0
0,7424 0,3485 -10 -3 0,1 0,7999 0 0 0,314 0
0,7415 0,3516 -8 -3 0,1 0,7999 0 0 0,3126 0
0,7405 0,3547 -8 -2 0,1 0,7999 0 0 0,3111 0
0,7394 0,3578 -9 -2 0,1 0,7999 0 0 0,3096 0
0,7382 0,3609 -8 -1 0,1 0,7999 0 0 0,308 0
0,7368 0,364 -7 -2 0,1 0,7999 0 0 0,3062 0
0,7354 0,367 -8 -1 0,1 0,7999 0 0 0,3044 0
0,734 0,3701 -8 -1 0,1 0,7999 0 0 0,3027 0
0,7324 0,3731 -6 0 0,1 0,7999 0 0 0,3008 0
0,7307 0,376 -6 -1 0,1 0,7999 0 0 0,2988 0
0,7291 0,379 -7 0 0,1 0,7999 0 0 0,297 0
0,7273 0,3819 -5 -1 0,1 0,7999 0 0 0,295 0
0,7255 0,3847 -4 0 0,1 0,7999 0 0 0,293 0
0,7236 0,3875 -6 -1 0,1 0,7999 0 0 0,291 0
0,7217 0,3903 -4 0 0,1 0,7999 0 0 0,2889 0
0,7197 0,393 -5 0 0,1 0,7999 0 0 0,2868 0
0,7178 0,3957 -4 0 0,1 0,7999 0 0 0,2849 0
0,7158 0,3984 -4 0 0,1 0,7999 0 0 0,2828 0
0,7137 0,401 -3 1 0,1 0,7999 0 0 0,2807 0
0,7117 0,4035 -3 1 0,1 0,7999 0 0 0,2787 0
0,7097 0,4061 -3 0 0,1 0,7999 0 0 0,2767 0
0,7076 0,4086 -3 0 0,1 0,7999 0 0 0,2747 0
0,7055 0,411 -3 0 0,1 0,7999 0 0 0,2726 0
0,7034 0,4134 -2 0 0,1 0,7999 0 0 0,2706 0
0,7013 0,4158 -3 0 0,1 0,7999 0 0 0,2687 0
0,6992 0,4181 -3 0 0,1 0,7999 0 0 0,2667 0
0,6971 0,4204 -3 -1 0,1 0,7999 0 0 0,2647 0
0,6949 0,4227 -3 0 0,1 0,7999 0 0 0,2627 0
0,6928 0,425 -4 0 0,1 0,7999 0 0 0,2608 0
0,6907 0,4272 -3 0 0,1 0,7999 0 0 0,2589 0
0,6885 0,4294 -3 -1 0,1 0,7999 0 0 0,257 0
0,6863 0,4315 -3 0 0,1 0,7999 0 0 0,255 0
0,6842 0,4336 -4 1 0,1 0,7999 0 0 0,2532 0
0,682 0,4357 -3 0 0,1 0,7999 0 0 0,2513 0
0,6798 0,4378 -4 1 0,1 0,7999 0 0 0,2494 0
0,6776 0,4398 -4 2 0,1 0,7999 0 0 0,2475 0
0,6753 0,4418 -4 2 0,1 0,7999 0 0 0,2455 0
0,673 0,4437 -3 2 0,1 0,7999 0 0 0,2436 0
0,6708 0,4456 -4 4 0,1 0,7999 0 0 0,2418 0
0,6685 0,4473 -4 4 0,1 0,7999 0 0 0,2398 0
0,6661 0,4491 -4 5 0,1 0,7999 0 0 0,2378 0
0,6638 0,4507 -3 6 0,1 0,7999 0 0 0,2359 0
0,6614 0,4522 -4 6 0,1 0,7999 0 0 0,2339 0
0,6591 0,4536 -3 6 0,1 0,7999 0 0 0,2319 0
0,6567 0,455 -3 7 0,1 0,7999 0 0 0,2299 0
0,6543 0,4562 -3 7 0,1 0,7999 0 0 0,2278 0
0,6519 0,4573 -2 7 0,1 0,7999 0 0 0,2258 0
0,6495 0,4583 -3 7 0,1 0,7999 0 0 0,2237 0
0,6471 0,4593 -2 7 0,1 0,7999 0 0 0,2216 0
0,6447 0,46 -3 7 0,1 0,7999 0 0 0,2195 0
0,6422 0,4607 -1 7 0,1 0,7999 0 0 0,2173 0
0,6398 0,4613 -2 8 0,1 0,7999 0 0 0,2151 0
0,6374 0,4618 -1 9 0,1 0,7999 0 0 0,213 0
0,635 0,4622 -2 8 0,1 0,7999 0 0 0,2108 0
0,6326 0,4624 0 9 0,1 0,7999 0 0 0,2085 0
0,6302 0,4625 -1 10 0,1 0,7999 0 0 0,2063 0
0,6279 0,4626 0 10 0,1 0,7999 0 0 0,2041 0
0,6256 0,4625 0 10 0,1 0,7999 0 0 0,2019 0
0,6233 0,4624 -1 10 0,1 0,7999 0 0 0,1997 0
8,5594 0,9052 0,2393

0,6188 0,4616 0 9 0,1 0,7999 0 0 0,1951 0
0,6166 0,461 0 10 0,1 0,7999 0 0 0,1928 0
0,6144 0,4603 0 9 0,1 0,7999 0 0 0,1905 0
0,6123 0,4595 -1 10 0,1 0,7999 0 0 0,1883 0
0,6102 0,4586 1 10 0,1 0,7999 0 0 0,186 0
0,6081 0,4575 0 10 0,1 0,7999 0 0 0,1837 0
0,6061 0,4563 0 10 0,1 0,7999 0 0 0,1814 0
0,6041 0,4551 0 10 0,1 0,7999 0 0 0,1792 0
0,6021 0,4537 1 9 0,1 0,7999 0 0 0,1768 0
0,6002 0,4521 0 9 0,1 0,7999 0 0 0,1745 0
0,5983 0,4506 1 9 0,1 0,7999 0 0 0,1723 0
0,5964 0,4489 1 8 0,1 0,7999 0 0 0,17 0
0,5946 0,4471 0 8 0,1 0,7999 0 0 0,1678 0
0,5929 0,4452 2 8 0,1 0,7999 0 0 0,1656 0
0,5911 0,4434 0 6 0,1 0,7999 0 0 0,1634 0
0,5894 0,4414 1 6 0,1 0,7999 0 0 0,1613 0
0,5878 0,4393 1 5 0,1 0,7999 0 0 0,1592 0
0,5861 0,4373 0 3 0,1 0,7999 0 0 0,1571 0
0,5845 0,4352 1 4 0,1 0,7999 0 0 0,1551 0
0,583 0,4331 0 2 0,1 0,7999 0 0 0,1532 0
0,5814 0,431 0 1 0,1 0,7999 0 0 0,1512 0
0,5799 0,4289 0 2 0,1 0,7999 0 0 0,1493 0
0,5784 0,4268 0 1 0,1 0,7999 0 0 0,1475 0
0,5769 0,4247 0 0 0,1 0,7999 0 0 0,1457 0
0,5755 0,4227 0 0 0,1 0,7999 0 0 0,144 0
0,574 0,4207 -2 0 0,1 0,7999 0 0 0,1422 0
0,5725 0,4187 0 -2 0,1 0,7999 0 0 0,1405 0
0,5711 0,4168 -1 -2 0,1 0,7999 0 0 0,1389 0
0,5697 0,4149 -3 -2 0,1 0,7999 0 0 0,1373 0
0,5682 0,4132 -1 -4 0,1 0,7999 0 0 0,1357 0
0,5668 0,4115 -1 -4 0,1 0,7999 0 0 0,1341 0
0,5653 0,4098 -4 -4 0,1 0,7999 0 0 0,1325 0
0,5639 0,4083 -1 -6 0,1 0,7999 0 0 0,1311 0
0,5624 0,4069 -3 -6 0,1 0,7999 0 0 0,1295 0
0,5609 0,4055 -4 -6 0,1 0,7999 0 0 0,1279 0
0,5593 0,4043 -2 -7 0,1 0,7999 0 0 0,1263 0
0,5578 0,4032 -2 -8 0,1 0,7999 0 0 0,1248 0
0,5562 0,4022 -4 -8 0,1 0,7999 0 0 0,1232 0
0,5546 0,4013 -2 -7 0,1 0,7999 0 0 0,1216 0
4,3412 1,2153 0,1887

0,553 0,4006 -4 -10 0,1 0,7999 0 0 0,12 0
0,5513 0,3999 -2 -10 0,1 0,7999 0 0 0,1183 0
0,5497 0,3994 -3 -10 0,1 0,7999 0 0 0,1167 0
0,548 0,399 -4 -11 0,1 0,7999 0 0 0,115 0
0,5463 0,3988 -2 -10 0,1 0,7999 0 0 0,1133 0
0,5446 0,3987 -3 -10 0,1 0,7999 0 0 0,1116 0
0,5428 0,3987 -3 -11 0,1 0,7999 0 0 0,1098 0
0,5411 0,3988 -2 -11 0,1 0,7999 0 0 0,1081 0
0,5393 0,399 -4 -11 0,1 0,7999 0 0 0,1063 0
0,5375 0,3994 -2 -11 0,1 0,7999 0 0 0,1045 0
0,5357 0,4 -3 -11 0,1 0,7999 0 0 0,1027 0
0,5339 0,4007 -2 -10 0,1 0,7999 0 0 0,1009 0
0,5321 0,4015 -2 -11 0,1 0,7999 0 0 0,0991 0
0,5302 0,4024 -3 -10 0,1 0,7999 0 0 0,0972 0
0,5284 0,4035 -1 -9 0,1 0,7999 0 0 0,0954 0
0,5266 0,4047 -3 -9 0,1 0,7999 0 0 0,0936 0
0,5247 0,406 -1 -9 0,1 0,7999 0 0 0,0918 0
0,5229 0,4074 -2 -10 0,1 0,7999 0 0 0,0901 0
0,521 0,4089 -2 -9 0,1 0,7999 0 0 0,0883 0
0,5192 0,4105 -1 -9 0,1 0,7999 0 0 0,0866 0
0,5174 0,4122 -2 -9 0,1 0,7999 0 0 0,085 0
0,5155 0,414 -1 -8 0,1 0,7999 0 0 0,0834 0
0,5137 0,4159 -1 -8 0,1 0,7999 0 0 0,0819 0
0,5119 0,4178 -1 -8 0,1 0,7999 0 0 0,0805 0
0,51 0,4198 -1 -7 0,1 0,7999 0 0 0,079 0
0,5082 0,4219 -1 -7 0,1 0,7999 0 0 0,0778 0
0,5064 0,4241 -1 -6 0,1 0,7999 0 0 0,0767 0
0,5047 0,4263 -1 -6 0,1 0,7999 0 0 0,0757 0
0,5029 0,4286 -1 -5 0,1 0,7999 0 0 0,0748 0
0,5011 0,4309 -1 -5 0,1 0,7999 0 0 0,074 0
0,4994 0,4333 -1 -4 0,1 0,7999 0 0 0,0734 0
0,4976 0,4356 0 -4 0,1 0,7999 0 0 0,0728 0
0,4959 0,4381 -1 -3 0,1 0,7999 0 0 0,0725 0
0,4942 0,4405 0 -3 0,1 0,7999 0 0 0,0723 0
0,4925 0,4429 0 -3 0,1 0,7999 0 0 0,0722 0
0,4908 0,4454 -1 -2 0,1 0,7999 0 0 0,0723 0
0,4891 0,4478 0 -2 0,1 0,7999 0 0 0,0724 0
0,4875 0,4503 -1 -1 0,1 0,7999 0 0 0,0728 0
0,4859 0,4527 0 0 0,1 0,7999 0 0 0,0733 0
0,4843 0,4551 0 0 0,1 0,7999 0 0 0,0738 0
0,4827 0,4575 -1 0 0,1 0,7999 0 0 0,0745 0
0,4811 0,4599 0 0 0,1 0,7999 0 0 0,0753 0
0,4796 0,4622 -1 0 0,1 0,7999 0 0 0,0761 0
0,4781 0,4645 -1 1 0,1 0,7999 0 0 0,0771 0
0,4765 0,4667 0 0 0,1 0,7999 0 0 0,078 0
0,4751 0,4689 -1 0 0,1 0,7999 0 0 0,079 0
0,4736 0,4711 -1 0 0,1 0,7999 0 0 0,0801 0
0,472 0,4733 0 0 0,1 0,7999 0 0 0,0813 0
0,4706 0,4754 -1 0 0,1 0,7999 0 0 0,0825 0
0,4691 0,4775 -1 0 0,1 0,7999 0 0 0,0837 0
0,4677 0,4795 0 0 0,1 0,7999 0 0 0,0849 0
0,4663 0,4815 -2 0 0,1 0,7999 0 0 0,0862 0
0,4648 0,4835 -2 -1 0,1 0,7999 0 0 0,0875 0
0,4634 0,4855 0 0 0,1 0,7999 0 0 0,0889 0
0,462 0,4874 -3 0 0,1 0,7999 0 0 0,0902 0
0,4606 0,4893 -3 -1 0,1 0,7999 0 0 0,0916 0
0,4591 0,4912 0 0 0,1 0,7999 0 0 0,0929 0
0,4577 0,4931 -4 0 0,1 0,7999 0 0 0,0944 0
0,4563 0,4949 -2 -1 0,1 0,7999 0 0 0,0958 0
0,4548 0,4967 -1 0 0,1 0,7999 0 0 0,0972 0
0,4534 0,4985 -3 0 0,1 0,7999 0 0 0,0986 0
0,4519 0,5003 -3 0 0,1 0,7999 0 0 0,1001 0
0,4503 0,502 -1 0 0,1 0,7999 0 0 0,1015 0
0,4489 0,5037 -3 0 0,1 0,7999 0 0 0,1029 0
0,4474 0,5054 -3 0 0,1 0,7999 0 0 0,1044 0
0,4458 0,5071 -2 0 0,1 0,7999 0 0 0,1059 0
0,4443 0,5087 -3 1 0,1 0,7999 0 0 0,1073 0
0,4427 0,5102 -4 2 0,1 0,7999 0 0 0,1086 0
0,4411 0,5118 -2 3 0,1 0,7999 0 0 0,1101 0
0,4395 0,5133 -5 3 0,1 0,7999 0 0 0,1115 0
0,4379 0,5148 -4 4 0,1 0,7999 0 0 0,1129 0
0,4362 0,5162 -3 6 0,1 0,7999 0 0 0,1142 0
0,4345 0,5175 -5 5 0,1 0,7999 0 0 0,1155 0
0,4327 0,5187 -4 6 0,1 0,7999 0 0 0,1167 0
0,4309 0,5198 -4 6 0,1 0,7999 0 0 0,1178 0
0,4291 0,5208 -4 6 0,1 0,7999 0 0 0,1189 0
0,4273 0,5217 -5 7 0,1 0,7999 0 0 0,1198 0
0,4254 0,5225 -4 7 0,1 0,7999 0 0 0,1207 0
0,4235 0,5233 -4 6 0,1 0,7999 0 0 0,1217 0
0,4216 0,5239 -5 7 0,1 0,7999 0 0 0,1224 0
0,4196 0,5245 -3 6 0,1 0,7999 0 0 0,1232 0
0,4176 0,5249 -4 6 0,1 0,7999 0 0 0,1239 0
0,4155 0,5252 -3 6 0,1 0,7999 0 0 0,1244 0
0,4135 0,5255 -3 6 0,1 0,7999 0 0 0,125 0
0,4114 0,5257 -4 5 0,1 0,7999 0 0 0,1256 0
24,0278 1,9828 0,1898

0,4093 0,5258 -2 6 0,1 0,7999 0 0 0,0838 0
0,4072 0,5258 -2 6 0,1 0,7999 0 0 0,0834 0
0,4051 0,5258 -3 6 0,1 0,7999 0 0 0,083 0
0,403 0,5257 -2 5 0,1 0,7999 0 0 0,0826 0
0,4009 0,5255 0 6 0,1 0,7999 0 0 0,0821 0
0,3988 0,5253 -2 5 0,1 0,7999 0 0 0,0817 0
0,3967 0,5249 0 6 0,1 0,7999 0 0 0,0811 0
0,3947 0,5245 0 6 0,1 0,7999 0 0 0,0806 0
0,3926 0,524 0 6 0,1 0,7999 0 0 0,08 0
0,3906 0,5235 0 6 0,1 0,7999 0 0 0,0795 0
0,3887 0,5229 1 5 0,1 0,7999 0 0 0,0789 0
0,3867 0,5222 0 5 0,1 0,7999 0 0 0,0783 0
0,3848 0,5215 1 5 0,1 0,7999 0 0 0,0777 0
0,383 0,5207 2 5 0,1 0,7999 0 0 0,0771 0
0,3812 0,5198 1 5 0,1 0,7999 0 0 0,0764 0
0,3794 0,5189 2 5 0,1 0,7999 0 0 0,0758 0
0,3777 0,5179 3 5 0,1 0,7999 0 0 0,0751 0
0,376 0,5169 2 3 0,1 0,7999 0 0 0,0744 0
0,3744 0,5159 3 4 0,1 0,7999 0 0 0,0738 0
0,3729 0,5148 2 3 0,1 0,7999 0 0 0,0731 0
0,3714 0,5136 3 3 0,1 0,7999 0 0 0,0723 0
0,37 0,5124 3 3 0,1 0,7999 0 0 0,0716 0
0,3687 0,5113 2 3 0,1 0,7999 0 0 0,0709 0
0,3674 0,5101 4 2 0,1 0,7999 0 0 0,0702 0
0,3661 0,5088 3 1 0,1 0,7999 0 0 0,0694 0
0,365 0,5076 2 2 0,1 0,7999 0 0 0,0687 0
0,3639 0,5063 3 2 0,1 0,7999 0 0 0,0679 0
0,3628 0,5051 4 1 0,1 0,7999 0 0 0,0673 0
0,3618 0,5038 2 2 0,1 0,7999 0 0 0,0665 0
0,3609 0,5026 2 1 0,1 0,7999 0 0 0,0659 0
0,36 0,5013 4 2 0,1 0,7999 0 0 0,0651 0
0,3592 0,5 3 2 0,1 0,7999 0 0 0,0644 0
0,3584 0,4987 3 2 0,1 0,7999 0 0 0,0637 0
0,3577 0,4974 4 2 0,1 0,7999 0 0 0,0629 0
3,2585 2,0021 0,1487

0,3565 0,4948 4 2 0,1 0,7999 0 0 0,0614 0
0,356 0,4934 5 2 0,1 0,7999 0 0 0,0605 0
0,3556 0,4921 5 2 0,1 0,7999 0 0 0,0597 0
0,3552 0,4907 5 1 0,1 0,7999 0 0 0,0588 0
0,3549 0,4894 5 2 0,1 0,7999 0 0 0,058 0
0,3546 0,488 5 2 0,1 0,7999 0 0 0,0571 0
0,3545 0,4866 6 2 0,1 0,7999 0 0 0,0561 0
0,3544 0,4852 6 2 0,1 0,7999 0 0 0,0551 0
0,3545 0,4838 7 2 0,1 0,7999 0 0 0,054 0
0,3545 0,4824 7 1 0,1 0,7999 0 0 0,053 0
0,3546 0,481 7 1 0,1 0,7999 0 0 0,0519 0
0,3548 0,4796 6 1 0,1 0,7999 0 0 0,0508 0
0,3552 0,4782 7 1 0,1 0,7999 0 0 0,0495 0
0,3556 0,4767 8 1 0,1 0,7999 0 0 0,0482 0
0,3562 0,4753 7 2 0,1 0,7999 0 0 0,0468 0
0,3569 0,4739 7 2 0,1 0,7999 0 0 0,0454 0
0,3576 0,4725 8 1 0,1 0,7999 0 0 0,0439 0
0,3584 0,4711 7 2 0,1 0,7999 0 0 0,0424 0
0,3592 0,4696 7 3 0,1 0,7999 0 0 0,0408 0
0,3602 0,4682 7 2 0,1 0,7999 0 0 0,0392 0
0,3612 0,4667 7 1 0,1 0,7999 0 0 0,0375 0
0,3623 0,4652 7 3 0,1 0,7999 0 0 0,0357 0
0,3636 0,4637 7 2 0,1 0,7999 0 0 0,0337 0
0,3648 0,4622 7 2 0,1 0,7999 0 0 0,0319 0
0,3661 0,4608 7 1 0,1 0,7999 0 0 0,03 0
0,3675 0,4592 5 2 0,1 0,7999 0 0 0,028 0
0,369 0,4577 7 2 0,1 0,7999 0 0 0,0259 0
0,3705 0,4562 5 2 0,1 0,7999 0 0 0,0239 0
0,3721 0,4546 4 1 0,1 0,7999 0 0 0,0217 0
0,3738 0,4531 6 3 0,1 0,7999 0 0 0,0195 0
0,3755 0,4515 5 2 0,1 0,7999 0 0 0,0172 0
0,3772 0,45 4 3 0,1 0,7999 0 0 0,015 0
0,3789 0,4484 5 2 0,1 0,7999 0 0 0,0129 0
0,3807 0,4468 3 2 0,1 0,7999 0 0 0,0107 0
0,3825 0,4452 3 2 0,1 0,7999 0 0 0,0086 0
4,4767 3,6036 0,1426

0,3862 0,442 4 2 0,1 0,7999 0 0 0,0052 0
0,3881 0,4403 1 1 0,1 0,7999 0 0 0,0047 0
0,39 0,4387 2 1 0,1 0,7999 0 0 0,0054 0
0,3918 0,4371 0 1 0,1 0,7999 0 0 0,0069 0
0,3937 0,4355 1 1 0,1 0,7999 0 0 0,0089 0
0,3955 0,4339 0 0 0,1 0,7999 0 0 0,0111 0
0,3974 0,4323 0 0 0,1 0,7999 0 0 0,0116 0
0,3992 0,4308 1 0 0,1 0,7999 0 0 0,0138 0
0,4009 0,4293 0 0 0,1 0,7999 0 0 0,016 0
0,4027 0,4278 0 0 0,1 0,7999 0 0 0,0159 0
0,4044 0,4263 0 0 0,1 0,7999 0 0 0,0181 0
0,4061 0,4249 0 0 0,1 0,7999 0 0 0,0202 0
0,4078 0,4234 0 0 0,1 0,7999 0 0 0,0199 0
0,4094 0,422 0 0 0,1 0,7999 0 0 0,022 0
0,411 0,4206 0 0 0,1 0,7999 0 0 0,0241 0
0,4126 0,4192 0 0 0,1 0,7999 0 0 0,0238 0
0,4142 0,4179 0 0 0,1 0,7999 0 0 0,0258 0
0,4157 0,4165 0 0 0,1 0,7999 0 0 0,0279 0
0,4172 0,4152 0 0 0,1 0,7999 0 0 0,0274 0
0,4188 0,4139 0 0 0,1 0,7999 0 0 0,0295 0
0,4203 0,4126 0 0 0,1 0,7999 0 0 0,0314 0
0,4217 0,4114 0 0 0,1 0,7999 0 0 0,0309 0
0,4232 0,4101 1 0 0,1 0,7999 0 0 0,0328 0
1,2757 9,4019 0,1771

